              Solar Radiation Research Laboratory (SRRL) Baseline Measurement System (BMS)              
                                                 01/2025

                           Summary of Quality Assessment Flags (percentages)                            
================ ========== ========== ========== ========== ========== ========== ========== ==========
   Instrument     Untested  Passed-(1) Passed-(2) Passed-(3)   Low-(7)   High-(8)    Other     Missing  
================ ========== ========== ========== ========== ========== ========== ========== ==========
    GloSR20            0       68.5          0       28.8       0.07       0.54       1.97          0
    DirDR20            0       68.5       0.08       29.7          0       0.04       1.64          0
    GloLi200           0       68.4       0.00       10.4       0.12       0.67       20.1          0
   GloCMP22V           0       68.5          0       29.6       0.08       0.69       1.04          0
  GloRG780PSP          0       3.49       96.5          0          0          0          0          0
    GloCMP11           0       68.5       0.00       23.2       0.12       0.93       7.13          0
    GloCM6b            0       68.4       0.00       22.2       0.11       1.01       8.18          0
   GloSPLite2          0       68.3          0       25.1       0.13       0.96       5.32          0
    GloLi190           0          0       97.1          0          0          0       2.88          0
   Glo40CMP22          0          0          0       99.4          0          0       0.56          0
  Glo40Li200R          0          0          0       99.3          0          0       0.62          0
  GloNormCMP22         0          0          0       99.3          0          0       0.62          0
    GloTUVR            0          0          0       99.6          0          0       0.35          0
   GloUVB501A          0          0          0        100          0          0          0          0
   GloUVEMED           0        100          0          0          0          0          0          0
  GloUVBMS210W         0          0          0        100          0          0          0          0
   GloUVA501A          0          0       0.35       99.6          0          0          0          0
 GloNormLI200R         0       0.15       99.8          0          0          0          0          0
    GloUVSAT           0          0       0.35       99.6          0          0          0          0
    GloUVSBT           0          0          0        100          0          0          0          0
    GloUVB1            0          0          0        100          0          0          0          0
  GloUVEIndex          0        100          0          0          0          0          0          0
     DirNIP            0       68.5       0.08       29.9          0       0.04       1.41          0
    DirSNIP            0       68.5       0.08       29.6          0          0       1.69          0
    DirLi201           0       68.5       0.08       20.5          0       0.04       10.8          0
  DirRG780NIP          0       0.05       16.0       83.5          0          0       0.35          0
   DirCHP1-1           0       68.5       0.08       29.6          0          0       1.68          0
    DirTUVR            0          0       99.8          0          0          0       0.15          0
    DirCUVA2           0          0       99.8          0          0          0       0.15          0
    DirCUVB2           0          0        100          0          0          0          0          0
    GloSP110           0       68.1          0       23.5       0.10       1.11       7.05          0
    GloLi210           0       0.02       99.9          0          0          0          0          0
   CloudTotal          0       99.7          0          0          0          0          0       0.20
  CloudOpaque          0       99.7          0          0          0          0          0       0.20
  TempWetBulb          0       0.04       99.9          0          0          0          0          0
    DifSB848           0       68.1       0.06       23.0       0.03       0.45       8.32          0
    DirLi190           0       0.18       99.8          0          0          0          0          0
     Dif848            0       68.0       0.08       29.9          0       0.51       1.37          0
   DifCM22-1           0       68.1       0.08       29.7          0       0.47       1.59          0
   DifCM22-2           0       68.0       0.08       29.6          0       0.48       1.66          0
    UWCMP11            0          0          0        100          0          0          0          0
    DWIRPIR            0          0       99.9          0          0          0       0.01          0
    DWIRCG4            0          0       99.9          0          0          0       0.01          0
    UWIRPIR            0          0        100          0          0          0          0          0
    TempDeck           0          0          0       99.9          0          0       0.04          0
     RHDeck            0          0          0        100          0          0          0          0
   TempTower           0          0          0       99.9          0          0       0.04          0
    RHTower            0          0          0        100          0          0          0          0
 WindChillTower        0       0.04       99.9          0          0          0          0          0
   WindSheer           0       98.5          0          0       1.42          0          0          0
     WS6ft             0          0        100          0          0          0          0          0
     WD6ft             0        100          0          0          0          0          0          0
     WS22ft            0          0          0        100          0          0          0          0
     WD22ft            0        100          0          0          0          0          0          0
   WS22ftGust          0          0          0        100          0          0          0          0
     WS33ft            0          0          0        100          0          0          0          0
     WD33ft            0        100          0          0          0          0          0          0
   WS33ftGust          0          0          0        100          0          0          0          0
PressureStation        0          0        100          0          0          0          0          0
  PressureSea          0          0        100          0          0          0          0          0
 Precipitation         0          0        100          0          0          0          0          0
     GloCM3            0       67.9       0.00       19.7       0.63       0.79       10.8          0
     UWCM3             0          0          0        100          0          0          0          0
   GloLi200R           0       68.5          0       25.6       0.10       0.79       4.91          0
    UWIRCG3            0          0        100          0          0          0          0          0
    NetIRK&Z           0          0        100          0          0          0          0          0
     GloPSP            0       67.3       0.00       15.9       0.10       1.96       14.6          0
     GloSPP            0       68.4       0.00       23.9       0.12       1.06       6.37          0
    GloMS80            0       68.3       0.00       24.6       0.12       1.16       5.62          0
    GloSP510           0       68.1          0       19.3       0.12       1.02       11.3          0
   SnowDepth           0       99.9          0          0          0          0          0       0.01
    Moisture           0        100          0          0          0          0          0          0
    DifSR25            0       68.0       0.08       29.5          0       0.50       1.75          0
   AODBrdBand          0        100          0          0          0          0          0          0
     NetRad            0        100          0          0          0          0          0          0
    GloML01            0       68.0          0       25.3       0.12       1.16       5.21          0
  AlbedoCMP11          0          0          0        100          0          0          0          0
   AlbedoCM3           0          0          0        100          0          0          0          0
     Zenith            0        100          0          0          0          0          0          0
    Azimuth            0        100          0          0          0          0          0          0
    Airmass            0        100          0          0          0          0          0          0
NetIREppleyPIRs        0          0        100          0          0          0          0          0
    GloSMP11           0       68.4          0       23.9       0.13       0.94       6.48          0
   GloTSP700           0       68.2          0       29.5       0.05       0.82       1.27          0
    UWLI200            0          0          0       99.9          0          0       0.05          0
    UWLI190            0          0       99.9          0          0          0       0.05          0
  AlbedoLI200          0          0          0        100          0          0          0          0
  AlbedoLI190          0          0        100          0          0          0          0          0
  TempDewPoint         0       0.04       99.9          0          0          0          0          0
   Glo90NPSP           0          0        100          0          0          0          0          0
  Glo90NLI200          0          0        100          0          0          0          0          0
   Glo90EPSP           0          0       99.8          0          0          0       0.11          0
  Glo90ELI200          0          0       99.8          0          0          0       0.11          0
   Glo90SPSP           0          0       99.2          0          0          0       0.72          0
  Glo90SLI200          0          0       99.2          0          0          0       0.72          0
   Glo90WPSP           0          0        100          0          0          0          0          0
  Glo90WLI200          0          0        100          0          0          0          0          0
     GloGPP            0       68.5          0       21.6       0.12       0.81       8.92          0
    GloCUV4            0          0          0       98.9          0          0       1.04          0
     TempSE            0          0          0       99.9          0          0       0.09          0
      RHSE             0          0          0        100          0          0          0          0
 WindChillDeck         0       0.04       99.9          0          0          0          0          0
   WS6ftGust           0          0        100          0          0          0          0          0
     WS19ft            0          0          0        100          0          0          0          0
     WD19ft            0        100          0          0          0          0          0          0
   WS19ftGust          0          0          0        100          0          0          0          0
      EFM              0        100          0          0          0          0          0          0
    DirMS57            0       68.5       0.08       29.5          0          0       1.81          0
   DirCHP1-2           0       68.5       0.08       29.8          0       0.04       1.54          0
    DirDR02            0       68.5       0.08       29.5          0       0.04       1.78          0
   GloCMP22-1          0       68.4          0       24.7       0.11       1.17       5.50          0
   GloCMP22-2          0       68.4          0       23.7       0.12       1.06       6.57          0
    GloMS802           0       68.3          0       25.2       0.10       1.03       5.21          0
    GloMS410           0       68.4          0       23.9       0.11       0.99       6.41          0
    GloMS602           0       68.2       0.00       20.6       0.42       0.79       9.87          0
    GloPQS1            0          0       97.1          0          0          0       2.88          0
    GloSR25            0       68.5          0       29.6       0.07       0.65       1.05          0
   Glo40CUV4           0       0.35       98.9          0          0          0       0.69          0
    DifSR20            0       68.0       0.08       29.2          0       0.49       2.09          0
  Glo1AxCMP22          0          0       0.12       99.1          0          0       0.76          0
  Glo1AxLI200R         0       0.29       99.7          0          0          0          0          0
 Glo1AxSPLite2         0          0       0.46       99.2          0          0       0.29          0
 GloNormSPLite2        0          0          0       99.8          0          0       0.15          0
  Glo40SPLite2         0       0.56       99.3          0          0          0       0.06          0
    GloSR30            0       68.5          0       29.9       0.06       0.62       0.78          0
    GloSMP12           0       68.5          0       28.7       0.06       0.61       2.04          0
    GloMS80S           0       68.4          0       23.7       0.12       1.02       6.59          0
================ ========== ========== ========== ========== ========== ========== ========== ==========